Optimal - objective value 377.00000000
      4 x(4)                    1                     21
      7 x(7)                    1                     54
     10 x(10)                   1                     50
     15 x(15)                   1                      7
     29 x(29)                   1                     12
     36 x(36)                   1                      4
     47 x(47)                   1                     17
     61 x(61)                   1                     50
     64 x(64)                   1                     20
     66 x(66)                   1                     21
     69 x(69)                   1                     18
     75 x(75)                   1                     11
     80 x(80)                   1                     13
     91 x(91)                   1                     36
     97 x(97)                   1                     15
     98 x(98)                   1                     12
     99 x(99)                   1                     16
