Optimal - objective value 66.00000000
      0 x(0)                    1                      3
      3 x(3)                    1                      6
      4 x(4)                    1                      2
     11 x(11)                   1                      2
     16 x(16)                   1                      8
     23 x(23)                   1                      1
     24 x(24)                   1                      7
     29 x(29)                   1                      1
     30 x(30)                   1                      2
     31 x(31)                   1                      5
     32 x(32)                   1                      3
     36 x(36)                   1                      1
     40 x(40)                   1                      5
     41 x(41)                   1                      7
     42 x(42)                   1                      2
     43 x(43)                   1                      3
     46 x(46)                   1                      4
     48 x(48)                   1                      2
     49 x(49)                   1                      2
